1	3871001	3877500
1	4815001	4818000
1	5815501	5820000
1	6222001	6224500
1	9786001	9790000
1	10638001	10641000
1	12148501	12151500
1	12536501	12539000
1	13318001	13320000
1	13437001	13460500
1	13461001	13476500
1	14768001	14770500
1	14771501	14774500
1	14862501	14866000
1	15584001	15588500
1	16397001	16400000
1	16531001	16540000
1	16784501	16788000
1	17076001	17079500
1	18849001	18851000
1	19815501	19818000
1	20134501	20137500
1	24559501	24562500
1	25422001	25435500
1	25439001	25441500
1	25441501	25455000
1	25460501	25463500
1	29824001	29827000
1	31181001	31183500
1	31558001	31560500
1	31715501	31718500
1	31729501	31732000
1	31782501	31785500
1	31874001	31877000
1	32209001	32212000
1	32252501	32254500
1	32408501	32413000
1	32449501	32453500
1	32495501	32499500
1	32635001	32637500
1	33675501	33677500
1	33959501	33962500
1	33968001	33970000
1	34391501	34395000
1	34566501	34568500
1	35592001	35594500
1	37286501	37290500
1	37739001	37743500
1	39273501	39276500
1	39451001	39454000
1	39962501	39967500
1	40102501	40104500
1	40662501	40665500
1	41328501	41339500
1	42302001	42306000
1	42515001	42517500
1	42644001	42646500
1	44833001	44837000
1	45427501	45429500
1	46399001	46404000
1	46408501	46411000
1	46618001	46621000
1	47788501	47791000
1	47836001	47838500
1	48350001	48352000
1	48644501	48646500
1	48789501	48792500
1	48795501	48802500
1	49027001	49029500
1	49363501	49368000
1	50123001	50128000
1	52133501	52136000
1	52485001	52488000
1	53953501	53956000
1	54007001	54010000
1	54510501	54513000
1	54862501	54865500
1	54975001	54977000
1	55243001	55245500
1	56259501	56264500
1	56773501	56776000
1	57290001	57294000
1	57940001	57942500
1	60208501	60211500
1	64880001	64883000
1	65723501	65726000
1	66463501	66466500
1	67488001	67491500
1	68312501	68319500
1	68598001	68603000
1	68618501	68622500
1	69384001	69388000
1	69402001	69409500
1	70572501	70575500
1	70586001	70589000
1	72340001	72342500
1	73291501	73295000
1	74984501	74987000
1	75455001	75459000
1	75531001	75533500
1	77746501	77752500
1	79202001	79204500
1	79646001	79649500
1	80187001	80189500
1	84437501	84440500
1	85303001	85306000
1	87724001	87728500
1	88481501	88485500
1	88492501	88494500
1	88500001	88504500
1	88509001	88511000
1	90998001	91001000
1	92121501	92125500
1	92833001	92836500
1	94610501	94617000
1	94717501	94722000
1	95874001	95877000
1	96512001	96515500
1	96639001	96642000
1	97304001	97306500
1	97960501	97964500
1	97972501	97975000
1	97996001	97998000
1	100446001	100449000
1	100536001	100538500
1	100658001	100665500
1	102424001	102427000
1	102990501	102995500
1	103026501	103030000
1	103191001	103196500
1	103299001	103306000
1	103866501	103869000
1	104267501	104270500
1	104475001	104478000
1	105435001	105438000
1	105759501	105761500
1	105965501	105968500
1	106788001	106791000
1	108490001	108492000
1	110381001	110383000
1	112297501	112299500
1	112551001	112554000
1	112866501	112872000
1	113932501	113936500
1	116120001	116122000
1	116478501	116482500
1	117450501	117453000
1	117491001	117500500
1	120734501	120736500
1	121118501	121121500
1	121131001	121133000
1	121163501	121168000
1	121241501	121245500
1	121590001	121593000
1	121782501	121788000
1	121854501	121858000
1	122270001	122274000
1	122282001	122289500
1	122909001	122912500
1	123165001	123175000
1	123403501	123441500
1	124729001	124732500
1	124902001	124908500
1	125539001	125544000
1	127998001	128000500
1	128853501	128856500
1	132123501	132128000
1	133042501	133045000
1	133444501	133448000
1	133873001	133875500
1	133919501	133922000
1	136644001	136646500
1	136880501	136884000
1	137036001	137039000
1	137077001	137080000
1	137355501	137359500
1	137376501	137379000
1	137403001	137405500
1	137463501	137465500
1	137466001	137469000
1	137779501	137782000
1	138225001	138227500
1	139858001	139862000
1	140518501	140521500
1	140935501	140937500
1	140939501	140941500
1	140945001	140951000
1	144505001	144509000
1	146905001	146909000
1	150139501	150142000
1	150254501	150256500
1	151396501	151399000
1	151483501	151487000
1	152004501	152007000
1	152158001	152163000
1	156122001	156125000
1	156735501	156737500
2	1697501	1699500
2	2479501	2485500
2	2488501	2491500
2	2930001	2932500
2	5522001	5525000
2	6195501	6198500
2	6259501	6262000
2	6813501	6818500
2	8434001	8436500
2	8692501	8695000
2	10460501	10463000
2	11303501	11306000
2	11505501	11508000
2	11552001	11556000
2	11753001	11757000
2	12384001	12386000
2	12541501	12543500
2	13093501	13100500
2	13858501	13861000
2	14330501	14333000
2	14409001	14415500
2	15371501	15374000
2	15894501	15897500
2	16509501	16512500
2	16533501	16535500
2	17476501	17479000
2	21201501	21203500
2	24898001	24901500
2	28405501	28408000
2	29419501	29422000
2	32516501	32520000
2	33150001	33152500
2	35389001	35391000
2	38680501	38689500
2	40991001	40994000
2	41023001	41025000
2	43267501	43269500
2	43279501	43282500
2	43939001	43946000
2	45306501	45308500
2	46357001	46363500
2	46376501	46389000
2	46822001	46826000
2	49197501	49200000
2	50173001	50175500
2	50521501	50525000
2	50548501	50551000
2	54355001	54357500
2	54518001	54522000
2	55406501	55410000
2	55493501	55496000
2	55715501	55721500
2	56409001	56412000
2	57176001	57182000
2	57513501	57516500
2	57517501	57519500
2	57520001	57523500
2	57848501	57855000
2	59595501	59598000
2	59620501	59624500
2	59853001	59856000
2	64206001	64208500
2	66756001	66760500
2	67237501	67242000
2	67952001	67958500
2	68169001	68176000
2	69001001	69007500
2	70226501	70229500
2	74071001	74073500
2	74494001	74499500
2	75045001	75050500
2	75300501	75303000
2	75357501	75360500
2	75364001	75368500
2	75474501	75477000
2	75533001	75539500
2	75574001	75577000
2	76130001	76133000
2	76833001	76837000
2	77875501	77882500
2	78004001	78006000
2	78008501	78012500
2	78013001	78017000
2	78166501	78172500
2	78367501	78370000
2	78440501	78443000
2	79390501	79405500
2	79484001	79486000
2	81352001	81354500
2	81660501	81673500
2	81753501	81756000
2	81814001	81816500
2	81873001	81877000
2	82196501	82200000
2	82242501	82244500
2	82245001	82247500
2	82826001	82829000
2	82904001	82906500
2	83047001	83049000
2	83072001	83082500
2	85116501	85119500
2	87691501	87694500
2	88296501	88299500
2	89273001	89276000
2	93237001	93240000
2	98071501	98079000
2	98647501	98650000
2	101427001	101430500
2	102525001	102527500
2	110002501	110005500
2	111549501	111555500
2	111556501	111561500
2	111567001	111569500
2	116481001	116487000
2	117785001	117787500
2	119416501	119419000
2	121388001	121390500
2	121433001	121436500
2	121439501	121442000
2	121452501	121455000
2	121455501	121458000
2	121458501	121461000
2	121517001	121521000
2	121547501	121552500
2	121588001	121592500
2	121615001	121619000
2	121631501	121633500
2	122011001	122013500
2	123770001	123774000
2	123786501	123791000
2	123793501	123796500
2	128327001	128330500
2	129042501	129049000
2	132900001	132902000
2	132914501	132917500
2	133741001	133743500
2	134029501	134032500
2	134106501	134109000
2	134345001	134348000
3	226501	231000
3	426001	428500
3	4451001	4454000
3	4525001	4528500
3	4975501	4983000
3	4984501	4991500
3	5028001	5032500
3	7960501	7969500
3	8563501	8612000
3	11025501	11028500
3	11105001	11112000
3	11239501	11244500
3	11399501	11403000
3	11665501	11670500
3	11797501	11801000
3	12554001	12562500
3	12968501	12970500
3	13506501	13509000
3	13639501	13643000
3	20983001	20985000
3	21045501	21049000
3	21297001	21299500
3	22305001	22308000
3	30158501	30165000
3	32000001	32002000
3	32372001	32374500
3	32461501	32464000
3	32479001	32481000
3	32560001	32564000
3	32565501	32570000
3	32578501	32581000
3	34979501	34984000
3	36301001	36304000
3	36358501	36365500
3	36663001	36665500
3	37545501	37548500
3	37766001	37768500
3	37813001	37815500
3	37989501	37993500
3	38189001	38193000
3	38241001	38244500
3	39211001	39214000
3	39761501	39764000
3	39814001	39817000
3	40304501	40307000
3	41088501	41091500
3	41486001	41489500
3	41974001	41977000
3	44373001	44376000
3	44421001	44424000
3	45834001	45836500
3	46886001	46897000
3	47570501	47573500
3	52522001	52524500
3	53322501	53325500
3	54457501	54460000
3	54590501	54623500
3	54749001	54753000
3	54797501	54805000
3	54807501	54821500
3	54822501	54846500
3	55222001	55224500
3	58057501	58060500
3	58906501	58909000
3	60814501	60817000
3	61366501	61369000
3	61870001	61872000
3	61972001	61974000
3	62177001	62181000
3	62235001	62239000
3	62487001	62489500
3	63712001	63715000
3	64552501	64561000
3	65530501	65533500
3	65559501	65563000
3	67381001	67390000
3	68831001	68833500
3	70522501	70526000
3	70580501	70582500
3	71131001	71133500
3	71159501	71162500
3	71485501	71488500
3	71976001	71979500
3	72285001	72288000
3	72810501	72814000
3	75661501	75665500
3	75869001	75871500
3	76669501	76672000
3	76808001	76810000
3	77236501	77240500
3	78359001	78361500
3	83411001	83413500
3	83569501	83572500
3	84596001	84599000
3	85002001	85008500
3	85199501	85202000
3	85860001	85863000
3	87751501	87755000
3	89988001	89990000
3	90311501	90315000
3	91019001	91021500
3	105110001	105126000
3	110733501	110736000
3	114036501	114039500
3	114723001	114729000
3	119024001	119028500
3	119141501	119149500
3	119167501	119178000
3	119332501	119337000
3	119338001	119341500
3	119360001	119362500
3	119423501	119427500
3	119437001	119439000
3	119441501	119444000
3	119491001	119494000
3	119589001	119591500
3	119610001	119613500
3	119614001	119616500
4	1556501	1572500
4	1901501	1903500
4	2635001	2638500
4	2942501	2951000
4	7701001	7703500
4	8734501	8737500
4	8929501	8932500
4	9205501	9207500
4	9596001	9598500
4	10424501	10442500
4	10478001	10498500
4	11295001	11299500
4	12689501	12692500
4	13602001	13604500
4	14170501	14174500
4	15817001	15820000
4	16975501	16978500
4	17632501	17635500
4	19433501	19436500
4	20147501	20149500
4	21776001	21779000
4	22211001	22216000
4	22366001	22368500
4	22533501	22535500
4	24618501	24621000
4	24660501	24662500
4	24664001	24666500
4	24892001	24894500
4	26232501	26235500
4	28191501	28194500
4	28201501	28214000
4	28823501	28828000
4	29239001	29242000
4	29729501	29732500
4	30024001	30027500
4	32513501	32516000
4	32924501	32928500
4	32931501	32936000
4	32949501	32954500
4	34243001	34246000
4	34408001	34413500
4	34837001	34839500
4	36260001	36265000
4	37421501	37428500
4	42764501	42767500
4	43244501	43256000
4	45684501	45688500
4	47385001	47387500
4	47432001	47435000
4	47637501	47640500
4	47754501	47758500
4	49641501	49644000
4	50123501	50125500
4	51470501	51473500
4	60536001	60538500
4	64557501	64559500
4	69755001	69757500
4	70805501	70808000
4	71488501	71492000
4	72477501	72483000
4	72796001	72798000
4	73111001	73114000
4	78424001	78426000
4	80425001	80428500
4	82218501	82221500
4	82544001	82554500
4	82588501	82612500
4	83050001	83053000
4	83055501	83069500
4	83257501	83260000
4	83326001	83328500
4	83442001	83445000
4	83959001	83965000
4	86119001	86123500
4	86287001	86289500
4	86338501	86341000
4	86672501	86675500
4	87578501	87581500
4	88498501	88501000
4	89196001	89201000
4	89594001	89603500
4	89614001	89616000
4	89619501	89621500
4	89622001	89636000
4	89637501	89640500
4	91647501	91654500
4	91681501	91685500
4	95191501	95199500
4	98208501	98211000
4	99124001	99128000
4	105172501	105177000
4	105980501	105984000
4	107352001	107355000
4	107985501	107997000
4	108660501	108663000
4	108916501	108919000
4	113060501	113063500
4	113093001	113095500
4	113169001	113186500
4	115870001	115873000
4	117019001	117025500
4	117714001	117717000
4	118924501	118933500
5	732501	735500
5	2060501	2064000
5	2165501	2168000
5	2993501	3002000
5	3371501	3380000
5	3381501	3391500
5	4142001	4148000
5	4633001	4635500
5	5640501	5655000
5	9099501	9103000
5	10073001	10076000
5	11501501	11504500
5	11819001	11821500
5	12643001	12646000
5	12899501	12904500
5	12975501	12986500
5	13443501	13446000
5	14053501	14057000
5	14188001	14190000
5	14333501	14339500
5	15989501	15994000
5	17093501	17099500
5	22471501	22474500
5	23427501	23433500
5	26783001	26787500
5	27552001	27554000
5	30797001	30799500
5	31297001	31300000
5	31426501	31429500
5	31729001	31756000
5	31848501	31851000
5	36876501	36878500
5	38774501	38781500
5	40191501	40195000
5	40212501	40216000
5	41198501	41201000
5	41259001	41262500
5	41278501	41281000
5	41342001	41370000
5	41665001	41673500
5	41683001	41691500
5	41698501	41703000
5	41713501	41716500
5	41757001	41760000
5	42013001	42021000
5	42061001	42072500
5	42078501	42081000
5	42172001	42175000
5	42239001	42243000
5	42351001	42367000
5	44186001	44189000
5	44192501	44195000
5	44199501	44203000
5	44257001	44259000
5	44259501	44262500
5	46327001	46330500
5	46365001	46368000
5	47085001	47089000
5	50083501	50092000
5	52813501	52818500
5	52898501	52901500
5	56220001	56223000
5	56581501	56584500
5	56625501	56628000
5	56640001	56642500
5	57510001	57512500
5	57859501	57864000
5	57963001	57967000
5	57998501	58001500
5	58026501	58031500
5	58166501	58177000
5	58559501	58570500
5	58631501	58642000
5	58700501	58725500
5	59268501	59270500
5	59395501	59397500
5	59401001	59408000
5	59449501	59453000
5	59776501	59792500
5	59811501	59831500
5	60744001	60746000
5	63673501	63677000
5	65554501	65561000
5	67274501	67277000
5	67547001	67549500
5	67709501	67712000
5	68466001	68468500
5	68630001	68639000
5	68898001	68901000
5	72912501	72922000
5	74638001	74643500
5	75405501	75408000
5	76057001	76063500
5	78761501	78764500
5	78765001	78767000
5	79697501	79702500
5	80969001	80973000
5	83878001	83880500
5	84303501	84306000
5	84379001	84381500
5	84383501	84386500
5	85041001	85043000
5	86670501	86672500
5	89880501	89883000
5	91555501	91557500
5	99594001	99597000
5	100550501	100554500
5	102291001	102294000
5	102634001	102636000
5	103137001	103141500
5	103199001	103201500
5	107140501	107143000
5	113225001	113227500
5	118128501	118152500
5	118580501	118584500
6	332001	339000
6	408501	412000
6	570501	576000
6	796001	798500
6	799001	804500
6	857501	860000
6	1113001	1115500
6	1216501	1219500
6	1977501	1982000
6	2685001	2694500
6	3840501	3844000
6	3853001	3857500
6	3859501	3864000
6	3866001	3891500
6	6277001	6281000
6	7568001	7571000
6	7604501	7606500
6	7607001	7610000
6	7701501	7711500
6	7841501	7844000
6	7912001	7925000
6	7949001	7953500
6	8147501	8150500
6	8348001	8351000
6	8672001	8675000
6	9073001	9075500
6	9158001	9161500
6	9170501	9173500
6	9174001	9176000
6	9693501	9697000
6	9818501	9821500
6	9995501	9998500
6	10616001	10619000
6	10962001	10968000
6	11266001	11269000
6	11668001	11671000
6	11678001	11694000
6	11747501	11750500
6	13524001	13526500
6	14173001	14175000
6	14833001	14836000
6	15173501	15176000
6	15387501	15390000
6	15946501	15949000
6	18184001	18186000
6	18348501	18354500
6	19466001	19469000
6	20112501	20116000
6	21866001	21868500
6	22594501	22597500
6	22893001	22896000
6	23321001	23324000
6	24349501	24354000
6	25351001	25353000
6	25367001	25370000
6	25466501	25469500
6	26517501	26520500
6	26542501	26547000
6	26552501	26559500
6	26643501	26645500
6	26688001	26693500
6	26749501	26753500
6	27514001	27516500
6	27564001	27573500
6	27813501	27816000
6	29883501	29886000
6	30598001	30601500
6	32296001	32298500
6	32533001	32538000
6	33274501	33277500
6	33761001	33763500
6	33764001	33766000
6	34013501	34016000
6	34115001	34118000
6	35300501	35303000
6	35769501	35772000
6	36945501	36948000
6	38326001	38329500
6	38809501	38815000
6	40468001	40471000
6	41508001	41511000
6	41743001	41746500
6	41858501	41861500
6	44494001	44498000
6	45023501	45028000
6	45953501	45957000
6	47513001	47517000
6	47609001	47612500
6	47759001	47761000
6	48279001	48281500
6	48285001	48291500
6	48727501	48731000
6	49291001	49293500
6	49295001	49299500
6	50337001	50364000
6	51106501	51108500
6	51593501	51603500
6	52103501	52106000
6	52415001	52417500
6	52639001	52645000
6	52880501	52883000
6	53148001	53150500
6	53297001	53301000
6	53425501	53428500
6	53505501	53508000
6	53795501	53799500
6	54235001	54240000
6	54494501	54497500
6	54718501	54722500
6	55369001	55371500
6	55934501	55937500
6	56286501	56291000
6	56330501	56332500
6	56334001	56336000
6	57206501	57209000
6	59128501	59131000
6	60609001	60611500
6	62211001	62214500
6	63156501	63162000
6	63568001	63570000
6	64296001	64324000
6	64333001	64337500
6	64763501	64767000
6	65275001	65280500
6	66863501	66865500
6	70277001	70280000
6	73218501	73221500
6	74123501	74127500
6	74817001	74819000
6	74819501	74822000
6	74892501	74896500
6	75370001	75372500
6	75929001	75933500
6	76315001	76319000
6	76384001	76387000
6	76581001	76583500
6	78674001	78676000
6	78690501	78694000
6	78732501	78739500
6	78831001	78834000
6	78846001	78849000
6	78905501	78907500
6	79031501	79054000
6	79141001	79143500
6	79201501	79204000
6	79392501	79396500
6	79450001	79452500
6	79679001	79682500
6	79974501	79977500
6	79988001	79991000
6	80099001	80104000
6	80168501	80171500
6	80286501	80289500
6	80341001	80346000
6	80374501	80377000
6	80886501	80889000
6	81888001	81891000
6	83427001	83429000
6	83976001	83979500
6	84404501	84423500
6	84493001	84495500
6	85678501	85681000
6	85807501	85817500
6	89188501	89194500
6	89783501	89788500
6	90804001	90807000
6	91777001	91779500
6	91919001	91921500
6	92086501	92090500
6	92360501	92363000
6	94288001	94293000
6	94306001	94308500
6	95163501	95166500
6	96317001	96319500
6	96571001	96574500
6	96598501	96601500
6	98164001	98167000
6	100156501	100160500
6	101716001	101719000
6	103263501	103265500
6	104182501	104185000
6	105004001	105007500
6	106039001	106046000
6	106730001	106736500
6	110561501	110564000
6	112301001	112303000
6	114698501	114712500
6	115053001	115057000
6	115984001	115987000
6	116408501	116411000
7	802001	805000
7	1728001	1731500
7	1808001	1812500
7	1869501	1872000
7	2387001	2389500
7	2748001	2750500
7	2866501	2872000
7	3227001	3230000
7	8253001	8264000
7	8380001	8385000
7	8450001	8473000
7	9694001	9699500
7	9704001	9708500
7	9773001	9779500
7	9845501	9848000
7	9894001	9897500
7	9899001	9901000
7	9996001	10004000
7	10135001	10137500
7	10234001	10239500
7	10696001	10708500
7	11045501	11047500
7	11542001	11544000
7	12477501	12480000
7	13331001	13333500
7	13545001	13548000
7	13842501	13846500
7	13898501	13902500
7	13933001	13938500
7	13963001	13987500
7	14051501	14054000
7	14267501	14271500
7	15826501	15829000
7	15974001	15978500
7	17137001	17139500
7	17433501	17438000
7	17442001	17444000
7	18046501	18049000
7	18753001	18755500
7	18775001	18778000
7	19971501	19974500
7	21116001	21118500
7	21656001	21658500
7	22599501	22601500
7	23498001	23502000
7	24873001	24875500
7	24904501	24908500
7	25956001	25959500
7	26433001	26440500
7	26520501	26523500
7	27910001	27917000
7	27991501	27995000
7	29780001	29782000
7	29782501	29784500
7	29958501	29965500
7	29966001	29975000
7	30458501	30461500
7	31874501	31877500
7	32461501	32464500
7	32745001	32750500
7	32954001	32956500
7	33452501	33471500
7	34455501	34458000
7	35195501	35198000
7	35258001	35262000
7	35382501	35387500
7	35891001	35897500
7	36118001	36121000
7	37286501	37307500
7	39835001	39838500
7	40166001	40168000
7	40406501	40412000
7	40432501	40439000
7	40477501	40487000
7	41021001	41027500
7	41178001	41201500
7	41249001	41251500
7	41343001	41345500
7	41399501	41401500
7	41403001	41405500
7	41409001	41434500
7	41687501	41689500
7	41690001	41722500
7	41724001	41757000
7	41758501	41762000
7	41973501	41976000
7	42162001	42170500
7	42439501	42442000
7	42664501	42692000
7	42858001	42864500
7	42865501	42868500
7	42900001	42906000
7	42920501	42924500
7	43381001	43384000
7	43465001	43468000
7	43484001	43486500
7	44119501	44123500
7	44766001	44768500
7	45294001	45298500
7	46067501	46071000
7	50478501	50489000
7	52626001	52629000
7	55045501	55048500
7	56367501	56377000
7	56445001	56448000
7	57769501	57772000
7	59737001	59739500
7	62607501	62613000
7	63314501	63318500
7	65865001	65868500
7	66301001	66304000
7	67924001	67928000
7	68560501	68574000
7	68576501	68584000
7	68625001	68628000
7	68715501	68724000
7	68724501	68728500
7	71352001	71365500
7	72830001	72835000
7	73943001	73946000
7	74017001	74020000
7	76495001	76497500
7	76885501	76888000
7	82444501	82447500
7	84782001	84807000
7	85242501	85248000
7	85252001	85254000
7	85327501	85330500
7	85692001	85695000
7	86294001	86296500
7	86473501	86481000
7	86485001	86490500
7	86495501	86503000
7	89316001	89324000
7	91760501	91763000
7	92459501	92462000
7	93047501	93051500
7	95524501	95527500
7	96057001	96060000
7	96698501	96709000
7	96715501	96720000
7	96785001	96792000
7	96792501	96798000
7	96830001	96832000
7	96914001	96924000
7	98151501	98155500
7	98253501	98256500
7	98447501	98451000
7	98571501	98574000
7	99067001	99069500
7	99572501	99579000
7	100674501	100678500
7	100902501	100906000
7	101009501	101012500
7	104301001	104303500
7	104669001	104676000
7	105294501	105298500
7	105504501	105508000
7	105689001	105691000
7	105968501	105973500
7	106786001	106789500
8	36001	67000
8	2536501	2539000
8	2850001	2853500
8	3075501	3079000
8	3326501	3329000
8	3478001	3491500
8	3590501	3598500
8	3975501	3978000
8	4427001	4429000
8	4444001	4446000
8	4462001	4465000
8	4480501	4484000
8	4487501	4491500
8	4508501	4510500
8	4748501	4752000
8	6341501	6344500
8	7290001	7297500
8	8048501	8060000
8	8071001	8073500
8	8352501	8355000
8	9300001	9302500
8	9838001	9840500
8	10192501	10196500
8	12544001	12591000
8	12756001	12759500
8	13179001	13183000
8	13226001	13228500
8	13447501	13450500
8	14313501	14322000
8	15432501	15446000
8	15655001	15657500
8	16463501	16465500
8	16802501	16804500
8	18066001	18069000
8	18389001	18391000
8	18397001	18399000
8	18794001	18796500
8	19954001	19957500
8	20801501	20805000
8	20937001	20939500
8	21013001	21018000
8	23086001	23092500
8	25978501	25983500
8	29849501	29853000
8	30329001	30334000
8	30339501	30345000
8	30345501	30352500
8	31278001	31280500
8	31756001	31759000
8	32550501	32553500
8	32707501	32709500
8	32869501	32879000
8	32892501	32895000
8	32986501	32990000
8	34828501	34830500
8	35795001	35797500
8	36618001	36621000
8	38482501	38487500
8	40932501	40935000
8	41141501	41146000
8	41589501	41592500
8	42073501	42080500
8	42591001	42594000
8	43410001	43412500
8	44120501	44123500
8	44518001	44521000
8	44653501	44668500
8	45541001	45544000
8	46065501	46070000
8	46481501	46485500
8	46867001	46869500
8	46872001	46874500
8	47132001	47134500
8	47202001	47204500
8	49340501	49348500
8	50831501	50835000
8	50837501	50845500
8	50862501	50866000
8	50867501	50875500
8	51010501	51024500
8	51316001	51320000
8	53348001	53351000
8	54966001	54972000
8	55368501	55370500
8	55373001	55382500
8	55393001	55397000
8	55399001	55401000
8	57724501	57727000
8	58113001	58115500
8	59056501	59061500
8	59089001	59091000
8	60126001	60128000
8	60142001	60144500
8	60158001	60161000
8	60176501	60181000
8	61237001	61239500
8	65453501	65460500
8	65568001	65570500
8	65588501	65591000
8	67873501	67875500
8	69605501	69609500
8	69999001	70001500
8	70299501	70301500
8	70563501	70566000
8	71332501	71334500
8	76336501	76348500
8	76482001	76485500
8	76594501	76605000
8	77702001	77705000
8	78907501	78910500
8	80604001	80606500
8	80998001	81001500
8	81031501	81034500
8	83292001	83299500
8	83465501	83471500
8	83475001	83477500
8	84229001	84232000
8	87184001	87189000
8	87319001	87322000
8	87405501	87407500
8	87529001	87532000
8	87697501	87700000
8	92931501	92934000
8	92935501	92948000
8	94115001	94120000
8	94374001	94381000
8	94382001	94387000
8	95409001	95412000
8	95455001	95460000
8	95922501	95925500
8	96419001	96422000
8	99942501	99945000
8	102273001	102280000
8	110283501	110286500
8	110384501	110390500
8	112558501	112562000
9	745501	750500
9	811501	814500
9	873001	875500
9	991001	993000
9	2187501	2206000
9	2862001	2866000
9	3150001	3179500
9	3566001	3569000
9	3571501	3575000
9	3816501	3821000
9	4064501	4071000
9	4090501	4094000
9	4811501	4827500
9	5647501	5653500
9	5661001	5663000
9	5664001	5668500
9	6236501	6240500
9	6441501	6444000
9	6819501	6822000
9	7144501	7148000
9	7303001	7306000
9	8265501	8271000
9	8366501	8369500
9	8513001	8515500
9	8767501	8775000
9	8909001	8911500
9	9575001	9577000
9	10085501	10088500
9	10284001	10286000
9	10743501	10747000
9	10822001	10827000
9	10940001	10942500
9	11407501	11410000
9	11715501	11718500
9	11951001	11953500
9	11964501	11967500
9	11973001	11977500
9	13074001	13076500
9	13132501	13135000
9	13398001	13401000
9	13653501	13668000
9	14026501	14033500
9	14339501	14343500
9	15606501	15612500
9	15733001	15735500
9	15741501	15744500
9	15756001	15760500
9	16011501	16015500
9	16781001	16784000
9	16982001	16984000
9	16984501	16989000
9	17864501	17869000
9	17884001	17887000
9	18131001	18133500
9	20259501	20264000
9	20666001	20669000
9	21584501	21587500
9	21788001	21790000
9	23301001	23303000
9	23364501	23367500
9	23719501	23722500
9	24297001	24300000
9	26205001	26207500
9	26455001	26458500
9	28382001	28385000
9	28815501	28823000
9	30310501	30317500
9	30524501	30527000
9	30537001	30582500
9	30661001	30664000
9	30674501	30682500
9	30698001	30714500
9	32383501	32386000
9	32961501	32964000
9	33899501	33903500
9	34040501	34043500
9	34826001	34829500
9	36263501	36268500
9	39677001	39680000
9	43061501	43064500
9	45068501	45072000
9	45563001	45565500
9	46424501	46427500
9	46545501	46550500
9	46552501	46558000
9	46560001	46574000
9	46929001	46934000
9	47151501	47154500
9	47331001	47339500
9	47546001	47548000
9	47597501	47600000
9	47641001	47644500
9	48017501	48020000
9	48340501	48343500
9	48755001	48758000
9	49856501	49859500
9	53556001	53559500
9	55184501	55195000
9	55411001	55413500
9	56221001	56224500
9	57046001	57048500
9	57249501	57252000
9	57766001	57770000
9	57922501	57925000
9	59128001	59132500
9	61841001	61846500
9	63013001	63015000
9	63032001	63038500
9	63258501	63265000
9	63339501	63342500
9	63346501	63349000
9	65492001	65495000
9	65496001	65498000
9	67939001	67941500
9	68181001	68184500
9	68547501	68564000
9	71876501	71879000
9	71897001	71899000
9	72504001	72507500
9	73712501	73716000
9	75009501	75012000
9	76924001	76930500
9	83932501	83935500
9	84785001	84787000
9	86997001	87000000
9	87143501	87145500
9	90182501	90185000
9	90362001	90366000
9	90482001	90485500
9	92190501	92199500
9	94314501	94317000
9	97384001	97387500
9	98239501	98243000
9	101113501	101117500
9	101730501	101735500
9	104371001	104382500
9	104383001	104393000
9	104398501	104401000
9	104417501	104435500
10	2080501	2083500
10	2794001	2796500
10	2915501	2919000
10	20021501	20029500
10	21370001	21373500
10	22656001	22658000
10	22675001	22677500
10	22683501	22687500
10	22693501	22698500
10	22700001	22703000
10	22703501	22706000
10	22707501	22709500
10	22713501	22716000
10	22719501	22730500
10	22866001	22874500
10	23188501	23203000
10	23617001	23621000
10	23630501	23636500
10	23703001	23709500
10	25044001	25048000
10	25069501	25071500
10	25411501	25415500
10	25421001	25423000
10	26108501	26111000
10	26640001	26651500
10	27523001	27544000
10	27550001	27554000
10	27832001	27834500
10	27874501	27878000
10	32950501	32953000
10	32979001	32983500
10	38757501	38765500
10	38766001	38773500
10	38968501	38977500
10	39056501	39058500
10	39333501	39336500
10	39540001	39554000
10	39735001	39739500
10	39746501	39751000
10	40255001	40264500
10	40269001	40279500
10	41496001	41513500
10	42165501	42170000
10	42238001	42244500
10	48077001	48080500
10	50723501	50727500
10	52258001	52260500
10	53076001	53081500
10	53290501	53294500
10	53613001	53616000
10	53902501	53907000
10	54068501	54073000
10	54551001	54555000
10	55508501	55518000
10	55838501	55841000
10	60470001	60473000
10	63829501	63831500
10	64196501	64199000
10	74787501	74790500
10	78907001	78911500
10	85033001	85035500
10	86888501	86891500
10	88973001	88977500
10	93364501	93367000
10	97703501	97707000
10	101931001	101937000
11	1417501	1425500
11	2094001	2096500
11	3797001	3799500
11	4027501	4030500
11	4032501	4037000
11	6940501	6942500
11	6946001	6948000
11	6952001	6954000
11	6977501	6984000
11	8967001	8971000
11	9402001	9404500
11	9405001	9408000
11	16732001	16734000
11	16883501	16888500
11	17191501	17199500
11	17253501	17259000
11	17348501	17352500
11	17353501	17359000
11	17631001	17636500
11	17844001	17849000
11	17948501	17951000
11	18354001	18356000
11	18360501	18363500
11	19844001	19853500
11	19891001	19894000
11	26311501	26314500
11	26394501	26398000
11	26526501	26529000
11	26540001	26551500
11	26554501	26561500
11	29852501	29856500
11	31831501	31834000
11	32161001	32165000
11	33595001	33598000
11	33692501	33697500
11	33927001	33933500
11	34400001	34403000
11	34577501	34591000
11	34707001	34710000
11	35995001	35999500
11	36053001	36060500
11	36445001	36457500
11	37551001	37554000
11	37600501	37603000
11	39336501	39339000
11	39682501	39687000
11	39771001	39773000
11	40667501	40671500
11	42289501	42294000
11	43305501	43307500
11	43441501	43444500
11	44335001	44337500
11	46652001	46655000
11	47163001	47166000
11	47235001	47242000
11	49185001	49188500
11	49206001	49245500
11	51436501	51439000
11	51829501	51833000
11	51997501	52000000
11	52601001	52603500
11	53004501	53007000
11	53035001	53038000
11	53235001	53237000
11	53907001	53913500
11	54339001	54343000
11	54750001	54753000
11	55496001	55498500
11	55999001	56001500
11	58054001	58057500
11	58753501	58760000
11	59801501	59807000
11	60434001	60436500
11	60441001	60443500
11	61390001	61394000
11	61648501	61651500
11	61700001	61703500
11	64733001	64736000
11	66886001	66889000
11	66930501	66933000
11	69405501	69411500
11	76789001	76792500
11	76889001	76892500
11	80131001	80135000
11	82087001	82093000
11	82907501	82909500
11	82911001	82917000
11	84087501	84092000
11	84426501	84429000
11	86041001	86072500
11	88610001	88612500
11	89264001	89267000
11	90826001	90829000
11	91932001	91935000
11	92456501	92459000
11	93361001	93363500
11	93681501	93685000
11	93832501	93836500
11	93837501	93839500
11	93892501	93932000
11	94502501	94505000
11	96160001	96167000
11	97032001	97036000
11	97294501	97297000
11	99950001	99953000
11	100029001	100031500
11	101202001	101204500
11	102439501	102442000
11	104157001	104160500
11	104655501	104659500
11	105043501	105046000
11	106306001	106309000
12	735501	739500
12	1000001	1011500
12	1137001	1140000
12	1237501	1240500
12	1424001	1426000
12	1567501	1570500
12	1724001	1727500
12	1829001	1832000
12	1874001	1876500
12	2063001	2065500
12	2838001	2841000
12	2999501	3002500
12	3133501	3137000
12	3987001	3990000
12	4080501	4083500
12	4246001	4249500
12	4748501	4753500
12	5026001	5028500
12	5576001	5579000
12	5601501	5604000
12	5741001	5743000
12	5794001	5797000
12	6106001	6109000
12	6635001	6638000
12	6739501	6744500
12	7277501	7280500
12	7436001	7438500
12	7814001	7819000
12	8034501	8038000
12	8041501	8044000
12	8376501	8379000
12	8391501	8394500
12	8434501	8437500
12	8819001	8822000
12	14380001	14382000
12	14429501	14433500
12	16880501	16883000
12	17703501	17706000
12	17760001	17762500
12	17828501	17832500
12	19253001	19255500
12	20311001	20318000
12	21595501	21599000
12	22979501	22987000
12	23227501	23230000
12	23575501	23578000
12	24243001	24246000
12	24535001	24538000
12	25219501	25223000
12	26193001	26196000
12	30393001	30395500
12	31228001	31231000
12	33434501	33436500
12	37106501	37113000
12	37135501	37137500
12	37141001	37145000
12	37206501	37208500
12	37291001	37293500
12	37445001	37448500
12	37450001	37452500
12	37643501	37645500
12	38125501	38129500
12	38141001	38145000
12	38156001	38159500
12	38300001	38302500
12	39376501	39379500
12	41015001	41018000
12	41069001	41082000
12	41086501	41094000
12	41453001	41457000
12	41466001	41469000
12	41511001	41515000
12	41581001	41583000
12	41614001	41617000
12	42174001	42180500
12	42475501	42478500
12	42511001	42514000
12	42870001	42872000
12	42883001	42885500
12	43121501	43123500
12	43184001	43186500
12	43315501	43317500
12	43590001	43592500
12	43682501	43684500
12	43685001	43687000
12	43983501	43987000
12	44304501	44308500
12	44913501	44917500
12	45029501	45034000
12	46017001	46019500
12	50062001	50079000
12	50120001	50122500
12	50956501	50959000
12	51688001	51692500
12	52517001	52519500
12	53369501	53374500
12	54398001	54401000
12	55059001	55065500
12	55344501	55347000
12	56028501	56031500
12	57902501	57905000
12	58069501	58078000
12	59347001	59350000
12	59352501	59356000
12	60096001	60099000
12	60969501	60980000
12	60986001	60997500
12	61712001	61716000
12	62019501	62022500
12	62023501	62027500
12	62385501	62387500
12	64347001	64349000
12	64379001	64384000
12	64805501	64811500
12	66771001	66774500
12	67519501	67522000
12	68671501	68674500
12	69792001	69796000
12	69796001	69799500
12	70076001	70089500
12	70092501	70105000
12	70185001	70190500
12	70224501	70235000
12	70242001	70252500
12	71058501	71071500
12	71076001	71083500
12	71084001	71089000
12	71092501	71098000
12	71099501	71115500
12	71118501	71122500
12	71123001	71127000
12	71128501	71132000
12	71134001	71136500
12	71140501	71142500
12	71147001	71158500
12	71193001	71195000
12	71295501	71300000
12	71396001	71398500
12	71420501	71428000
12	71428001	71432500
12	71436501	71466500
12	71467001	71470000
12	71481001	71518500
12	71520001	71531500
12	71535001	71540500
12	71542501	71546500
12	71552501	71554500
12	71623501	71628000
12	71671001	71683000
12	71687001	71693500
12	71702001	71704000
12	71738001	71746000
12	71756501	71782500
12	71784501	71786500
12	71790001	71815500
12	72457001	72479000
12	72479001	72503000
12	72945501	72948000
12	72966501	72969000
12	79052001	79055000
12	84861001	84863500
12	86133001	86135500
12	86940001	86946000
12	86949501	86970000
13	6048501	6050500
13	6224001	6234500
13	10325001	10329500
13	10998001	11002000
13	11055501	11058000
13	11109501	11114000
13	13847001	13849000
13	14835001	14838500
13	25184501	25189000
13	28398001	28402500
13	35089501	35093500
13	40110001	40115000
13	40615001	40617500
13	42594501	42600500
13	49524501	49527000
13	50040501	50045000
13	50192501	50196000
13	50809001	50812500
13	53385501	53392500
13	53464501	53512500
13	62805001	62807500
13	62981501	62984000
13	71078501	71081500
13	73623501	73626000
13	82077501	82084000
13	82956001	82960000
14	1559501	1586500
14	1588001	1605500
14	2932501	2937000
14	5279001	5281500
14	7455001	7459500
14	8436501	8439500
14	10897501	10900000
14	17870001	17872500
14	18289501	18294000
14	18446501	18449000
14	18694001	18698500
14	18854001	18857000
14	21179501	21182500
14	23757001	23760500
14	28494001	28496000
14	32947001	32949000
14	34509001	34512500
14	37178001	37181500
14	37955001	37957500
14	38418501	38421000
14	39849001	39852000
14	40622001	40625000
14	42701501	42710000
14	45139001	45143000
14	47477001	47512000
14	48628501	48631000
14	50266501	50269000
14	50304001	50306500
14	50598001	50600500
14	50806501	50809000
14	50843001	50851500
14	51135501	51138000
14	51180001	51182000
14	51300501	51304000
14	51958501	51974500
14	52506501	52509500
14	52510001	52512000
14	53521501	53527000
14	53917001	53921000
14	55431001	55434000
14	55452001	55456500
14	57614501	57617000
14	59474001	59476000
14	60138501	60143000
14	61021001	61024500
14	68009001	68011500
14	69150501	69155000
14	73077501	73080500
14	75898501	75901000
14	75983501	75986000
14	77726501	77731500
14	79079501	79085500
14	79963501	79967000
14	80085001	80088500
14	81687001	81691000
15	413001	415000
15	793001	796500
15	996001	998500
15	1015001	1018000
15	1550501	1553000
15	1613501	1616000
15	1643501	1649500
15	1941501	1944500
15	2095001	2099500
15	2140001	2142500
15	2313001	2316000
15	2317001	2319500
15	2364501	2367000
15	2381501	2386000
15	2411501	2414000
15	2589001	2591500
15	2792001	2796500
15	2892001	2894500
15	3402501	3405000
15	3494501	3498500
15	3853501	3856500
15	3991501	3994500
15	4153001	4155500
15	4192001	4194000
15	4736501	4740500
15	4802501	4806500
15	4812001	4814000
15	4818001	4822500
15	5313001	5316000
15	5608501	5612000
15	5815501	5817500
15	6589501	6593500
15	6757001	6759000
15	7074001	7076500
15	7088501	7091000
15	7114501	7117500
15	7149001	7152000
15	7228001	7240000
15	8620001	8624500
15	8647001	8650000
15	8905001	8908000
15	9131001	9134000
15	9146501	9149000
15	9482501	9491000
15	9949501	9952500
15	10499501	10501500
15	10530501	10535000
15	10613001	10616500
15	11047501	11050500
15	11051001	11054000
15	11070501	11096500
15	11286501	11288500
15	11289501	11291500
15	11293501	11302000
15	11494501	11497500
15	11508001	11511500
15	11517501	11521000
15	11524001	11528500
15	11752501	11760000
15	11774001	11778500
15	11928501	11932000
15	11993501	11996500
15	12085001	12087500
15	12248001	12262000
15	12278501	12295000
15	12539001	12542500
15	12888501	12891000
15	13096501	13098500
15	13813501	13816000
15	14571501	14574500
15	15714501	15722500
15	16443001	16445500
15	16800001	16802000
15	16960501	16963000
15	17081501	17106000
15	17249501	17254000
15	17477001	17480000
15	17483001	17494500
15	17541001	17544000
15	18072501	18075000
15	19018501	19022500
15	19386501	19390000
15	19534501	19537000
15	20749001	20751500
15	21449501	21452500
15	21514501	21517000
15	22544501	22549000
15	22664001	22667000
15	22705501	22708500
15	25454001	25456500
15	28805001	28808000
15	31997501	32003000
15	37182501	37185000
15	38526001	38528500
15	41231001	41234500
15	41626501	41633000
15	42126001	42129000
15	44385001	44388000
15	44679001	44684500
15	44756501	44759500
15	45871001	45879500
15	46040501	46043000
15	46044501	46059000
15	46077001	46084000
15	46141501	46145000
15	46145501	46147500
15	46207501	46215500
15	46263001	46267000
15	46270001	46275500
15	46277001	46297000
15	47218501	47251000
15	47251501	47271500
15	47329001	47334000
15	47388001	47391000
15	47396001	47404500
15	47417501	47422000
15	47428501	47444000
15	47447001	47461500
15	47677001	47679000
15	47759501	47766000
15	48073001	48077000
15	48902501	48917500
15	48935501	48943000
15	49164001	49176500
15	49187001	49203500
15	49210001	49213000
15	49392501	49394500
15	49555001	49558500
15	49598001	49612000
15	49709501	49713000
15	49716501	49720500
15	49827001	49831000
15	49853001	49869500
15	49937501	49942000
15	49955001	49969000
15	50242501	50246500
15	50517501	50525000
15	50735001	50742500
15	50743501	50747000
15	50856501	50888000
15	51381501	51412000
15	51413001	51435500
15	51450501	51460000
15	51505001	51509000
15	55040501	55042500
15	56432501	56443000
15	56752501	56755000
15	56887501	56894000
15	56985001	56993500
15	58441001	58444000
15	60623501	60625500
15	61826501	61833000
15	61918501	61921500
15	62419501	62422500
15	62566501	62569000
15	63754001	63764000
15	64082001	64084000
15	67573001	67576000
15	67771501	67777000
15	68219501	68223500
15	68923001	68928000
15	69049001	69052000
15	69135501	69137500
15	69139001	69141000
15	69702001	69704500
15	73670001	73675000
15	76146501	76150500
15	77287501	77290000
15	78157001	78159000
15	78233501	78243000
15	78251501	78257000
15	78347501	78352000
15	78768001	78770500
15	78889501	78892500
15	78898001	78902000
15	79107501	79111000
15	79727001	79734500
15	79921501	79925000
15	79969501	79977500
15	80232501	80234500
15	81488001	81491500
15	81713001	81717000
15	81719501	81721500
15	81899001	81904000
15	82008501	82016500
15	82707001	82710000
15	83407001	83409500
15	83976501	83985500
16	626001	632000
16	674001	677000
16	1034001	1038500
16	1070001	1072500
16	5677001	5679500
16	5706501	5712000
16	5713501	5716000
16	5725501	5729000
16	5735501	5738000
16	5743001	5745500
16	5756501	5759000
16	5772001	5774000
16	5774501	5777500
16	5787001	5789000
16	5789001	5794500
16	5794501	5797000
16	5813001	5820000
16	5826501	5829500
16	5855501	5867000
16	5886501	5893500
16	5910501	5913500
16	5934001	5936500
16	5999001	6007000
16	6158001	6176500
16	6222001	6224500
16	6278001	6288500
16	6290501	6294000
16	6436001	6439500
16	6913501	6916000
16	7072001	7074000
16	7934001	7936500
16	7944501	7952500
16	7965501	7968500
16	7990501	7999000
16	8012501	8050500
16	8256501	8258500
16	9137001	9141000
16	9389001	9392000
16	9547001	9549500
16	9594001	9598000
16	10212501	10215500
16	10216501	10230500
16	10424501	10432000
16	10649501	10654000
16	11034501	11043000
16	11218501	11224500
16	11295001	11298500
16	13129501	13132500
16	13686501	13689000
16	16689501	16696000
16	16756501	16764000
16	17184001	17188000
16	17190501	17193000
16	20547001	20550000
16	27507001	27511000
16	31598001	31602500
16	34124001	34129500
16	41108501	41111500
16	44366001	44380000
16	44382501	44384500
16	44385501	44395000
16	44396001	44401500
16	44403001	44417000
16	44484001	44487000
16	48164001	48166000
16	48226501	48228500
16	48924501	48927000
16	49739501	49742000
16	51628001	51631000
16	61467501	61470500
16	69554001	69557500
16	69583501	69587500
16	70936501	70938500
16	73197001	73199500
16	73574001	73576500
16	75717001	75720000
16	75721501	75723500
16	75938001	75941000
16	75992001	75995000
16	77729001	77732500
16	79353001	79355500
16	79607501	79610000
16	79730001	79734000
16	80033501	80036000
16	80085501	80088500
16	80111501	80113500
16	80114501	80116500
17	848001	850500
17	916001	918500
17	1221001	1225000
17	1258001	1263000
17	1308501	1311000
17	1901001	1904000
17	2151001	2155500
17	3774001	3777000
17	4845001	4847000
17	4850501	4856500
17	4871001	4877000
17	7006501	7009500
17	7884001	7886500
17	8492501	8494500
17	9147501	9151000
17	9209001	9212000
17	9249501	9252000
17	9349001	9352000
17	10786501	10788500
17	10952501	10957500
17	11615501	11618000
17	14139501	14148500
17	14149001	14160000
17	14285001	14287500
17	14800501	14802500
17	16032501	16034500
17	16035001	16039000
17	16617501	16619500
17	18449001	18453000
17	20119501	20123500
17	20528501	20531500
17	20768501	20783000
17	20942001	20944500
17	20996001	20999000
17	21584001	21586500
17	21599501	21603000
17	21680001	21683000
17	21750001	21753500
17	21763001	21770000
17	23484001	23486500
17	24232501	24235000
17	25301501	25303500
17	26145501	26148000
17	26236001	26239500
17	26356501	26358500
17	26795001	26797500
17	27474501	27479000
17	27970501	27972500
17	28783501	28785500
17	31440501	31444500
17	31829501	31832000
17	32199501	32202000
17	32968501	32972000
17	33425001	33427500
17	33588001	33590500
17	35125001	35128500
17	35868001	35870500
17	36042001	36045000
17	36124501	36128500
17	36237001	36240500
17	36242501	36248000
17	36889001	36892000
17	37525001	37530500
17	37669001	37674000
17	39098001	39100500
17	39511501	39514000
17	40530001	40532000
17	40537001	40541500
17	43833001	43835500
17	47047001	47049500
17	49696501	49699000
17	56843001	56852000
17	60698501	60701000
17	61877001	61881000
17	62211001	62213500
17	64581001	64584000
17	64637001	64639000
17	64648001	64659000
17	64660001	64662500
17	69469501	69471500
17	69520001	69523000
17	69654501	69656500
17	69660001	69670000
17	69690501	69701000
17	70685001	70688500
17	70699001	70701500
17	70710001	70713000
17	70879501	70883000
17	70885001	70894500
17	70901001	70908000
18	522001	524500
18	528001	530000
18	743501	746000
18	842001	845000
18	1029001	1031500
18	1372501	1376000
18	3170001	3175000
18	3191001	3194500
18	4048001	4063500
18	4467501	4471000
18	8819501	8826000
18	9336501	9338500
18	10453001	10455500
18	11471001	11473500
18	11545501	11548500
18	14529001	14532000
18	15174501	15187000
18	15207501	15210500
18	15795501	15798000
18	15827001	15833500
18	16153001	16155500
18	16387501	16391000
18	19291501	19293500
18	21169501	21179000
18	21188501	21193000
18	21200001	21206500
18	21207501	21209500
18	22694501	22697000
18	27126501	27130500
18	28150001	28152500
18	28381001	28386500
18	28426501	28430500
18	29286001	29289500
18	31191001	31196500
18	32237501	32240500
18	34045501	34048000
18	37934001	37937000
18	38107501	38111500
18	38479501	38481500
18	45159501	45167000
18	45174001	45188500
18	48024501	48028000
18	48198001	48200500
18	49841501	49844000
18	50366501	50369500
18	51085501	51090500
18	51174001	51177000
18	51299001	51302000
18	51313001	51317500
18	51876501	51879000
18	52583501	52585500
18	52653001	52656000
18	52782001	52784500
18	52910501	52914000
18	53236501	53239000
18	53496001	53498500
18	54263501	54266000
18	54395001	54398500
18	54518501	54521500
18	55278501	55280500
18	55284501	55286500
18	55896001	55898000
18	55929501	55932000
18	56237501	56240000
18	56491001	56493000
18	56493501	56495500
18	56501001	56503000
18	56624001	56628000
18	56747001	56749000
18	57578001	57586500
18	58227001	58244500
18	58376001	58378500
18	58882501	58884500
18	58886001	58889000
18	59433501	59436000
18	59564501	59569000
18	59570001	59581000
18	59598001	59619000
18	60185501	60188000
18	60208001	60211500
18	60358001	60392000
18	60406001	60408500
18	61024001	61028000
18	61030501	61041500
18	61051501	61053500
18	61058001	61060500
18	61073001	61076500
18	61106501	61121000
18	61134001	61139000
18	61290001	61306500
18	61310001	61322000
18	61334501	61342000
18	61407001	61439500
18	61445001	61448500
18	61449501	61455000
18	61460501	61469500
18	61632501	61637000
18	61979001	61982000
18	62569501	62574500
18	62682501	62722000
18	63555001	63558000
18	64519501	64522000
18	65578501	65586500
19	941001	945000
19	1521001	1523000
19	1591001	1595500
19	1659001	1661000
19	1801501	1804000
19	2631001	2645500
19	2894501	2899500
19	2924001	2926500
19	3186501	3189000
19	3788501	3803500
19	4092501	4095000
19	4161001	4164000
19	4229001	4231500
19	4672001	4675000
19	5347501	5350500
19	5917501	5921500
19	6125001	6127500
19	6459501	6462000
19	9003001	9005000
19	9108001	9115500
19	14183501	14195000
19	14298001	14301000
19	15416501	15420000
19	19632001	19638000
19	21143501	21146000
19	22450001	22452500
19	23958001	23960500
19	24025001	24044000
19	24163001	24165500
19	25610501	25614000
19	25760001	25763000
19	35091501	35094000
19	39273001	39276000
19	39535501	39541500
19	48208001	48211500
19	50412501	50416000
19	50455001	50502500
19	50502501	50509500
19	52354501	52357000
19	63321001	63323500
20	11067501	11071500
20	13373501	13375500
20	15671001	15673500
20	16416501	16421000
20	19615501	19618000
20	27021001	27028000
20	27688501	27690500
20	29687001	29690500
20	29738501	29743000
20	29908001	29910500
20	29921501	29924500
20	32521501	32524000
20	36560501	36563000
20	38251001	38254000
20	39589501	39592500
20	39932501	39937500
20	43167501	43170000
20	43765001	43769500
20	43827501	43833000
20	44005001	44008000
20	44106501	44109000
20	44393501	44398500
20	44428501	44431500
20	45082001	45095000
20	45115001	45126500
20	45300001	45302500
20	45679501	45682000
20	45911001	45916500
20	46328501	46331000
20	46796001	46799000
20	47145501	47148500
20	47211001	47213500
20	48084001	48086500
20	48099001	48102500
20	48432001	48434500
20	48587501	48591000
20	48755501	48758000
20	49112501	49116000
20	49675501	49679000
20	49796501	49809000
20	51232001	51236500
20	51250501	51253500
20	52002501	52004500
20	52264001	52267000
20	52544501	52546500
20	53255501	53258500
20	53622001	53627500
20	54436001	54440000
20	55308001	55311000
20	55512001	55514500
20	56625501	56632000
20	59404001	59406500
20	62349001	62356000
20	65162001	65165000
20	65165501	65171500
20	65173001	65176500
20	65177501	65180500
20	67052501	67055500
20	67210501	67216000
20	67278001	67281000
20	68823001	68826500
20	71898001	71901500
20	71906501	71909500
21	24501	27500
21	71001	74500
21	81501	84000
21	237001	239500
21	1370001	1374500
21	1497001	1499000
21	3497501	3500500
21	4921001	4923500
21	6967501	6971500
21	7430501	7433000
21	8563501	8565500
21	9107001	9110000
21	9125001	9128000
21	9177501	9181500
21	9209001	9213500
21	14693501	14697000
21	19682001	19728500
21	19746501	19754500
21	19755001	19766500
21	21359501	21367000
21	25863501	25868000
21	28307001	28310000
21	30050001	30053000
21	32956501	32959000
21	33085501	33087500
21	34554001	34556500
21	34825001	34827500
21	34845001	34848000
21	35147001	35153000
21	37032501	37046000
21	37158001	37160500
21	38864001	38866500
21	40613501	40616000
21	41309001	41311500
21	41481001	41487500
21	41496501	41499500
21	42048501	42052500
21	46184001	46186500
21	46676001	46682000
21	47413501	47416500
21	47487001	47492500
21	47590001	47594500
21	47608501	47611000
21	47617001	47620500
21	47905001	47908500
21	47967001	47971000
21	49197501	49201500
21	49464501	49467500
21	49663501	49666000
21	49807501	49810000
21	51510501	51513000
21	51706001	51710000
21	52122001	52124500
21	52452001	52454500
21	53053001	53055500
21	53787001	53789500
21	53920001	53927500
21	53991501	53994500
21	54449501	54460500
21	54510001	54512500
21	56253501	56256000
21	57450001	57453000
21	59252001	59255500
21	59487501	59490500
21	59629001	59631000
21	59709501	59712000
21	60871001	60878500
21	60953001	60956000
21	61105001	61107000
21	62721001	62727500
21	65234501	65237000
21	67828501	67830500
21	69050001	69052500
22	5192501	5195000
22	6344501	6347000
22	6460001	6462500
22	7626001	7635500
22	8695501	8698000
22	8729001	8731000
22	10078501	10081500
22	13704501	13708500
22	20635501	20638500
22	20823001	20827000
22	21017501	21029000
22	22378001	22381000
22	22777001	22785500
22	22787001	22790000
22	24853001	24856000
22	30061001	30065000
22	30582501	30585000
22	30990501	30994500
22	32143501	32146000
22	33156501	33161000
22	33726501	33735000
22	43510501	43513000
22	48323501	48327500
22	48862501	48866000
23	2128001	2130500
23	2139501	2142500
23	2470001	2472500
23	6409501	6412500
23	7146501	7162500
23	7595001	7597500
23	7600001	7602500
23	7607001	7609500
23	8844001	8846000
23	10857001	10859000
23	11025501	11028000
23	11933501	11936500
23	12550001	12553000
23	15094001	15098000
23	16145001	16147500
23	16398501	16401000
23	20283001	20293000
23	21125501	21128000
23	21651001	21653000
23	21714001	21717000
23	21958001	21960500
23	22627501	22630000
23	22880001	22884000
23	24618001	24620500
23	24636501	24640000
23	24675001	24678000
23	25119001	25122000
23	25581001	25594500
23	25647501	25651500
23	25652501	25658000
23	25921501	25925500
23	25934501	25940500
23	26277501	26304500
23	26305001	26310500
23	26559501	26567000
23	26660501	26663500
23	26842501	26856500
23	27025001	27034000
23	27100501	27103500
23	27842501	27852000
23	27939501	27949000
23	28695001	28698500
23	29098001	29101000
23	29683001	29687000
23	29848501	29853500
23	30396501	30400500
23	30859501	30865500
23	37859501	37864000
24	52501	55000
24	1974001	1976500
24	3484501	3488000
24	5747001	5750000
24	8927001	8931000
24	9633501	9637000
24	9914501	9916500
24	12555501	12558500
24	12570001	12573500
24	12688501	12692500
24	12976501	12979000
24	13081501	13084000
24	13085001	13089000
24	13096501	13102500
24	13335501	13339000
24	13399001	13401500
24	13573001	13576000
24	14197001	14199000
24	14200001	14204000
24	14616001	14622000
24	14838501	14841000
24	15119501	15122000
24	15149001	15152500
24	16561001	16563500
24	16737501	16742000
24	16766501	16769500
24	17696001	17698500
24	18850001	18853500
24	27210501	27213000
24	27217501	27220000
24	27573501	27578000
24	28441501	28444000
24	37524501	37527500
24	42839501	42842500
24	43672001	43675500
24	43737001	43749000
24	43942501	43945000
24	44078001	44081500
24	44119501	44122500
24	44276501	44279000
24	44814001	44817000
24	48397501	48400500
24	50439001	50441500
24	50792501	50795000
24	52526001	52528500
24	53239501	53252000
24	54973501	54976500
24	55310501	55313500
24	57263501	57268000
24	61882001	61926000
24	62238501	62242000
25	8240001	8242500
25	8339001	8342000
25	9112001	9114500
25	11312501	11314500
25	12617501	12620000
25	12682501	12685000
25	13863501	13866000
25	15065001	15068000
25	15528001	15530500
25	16296501	16300500
25	17830501	17837000
25	18853001	18858500
25	19117501	19121000
25	19223501	19226000
25	19532001	19534000
25	22926501	22930000
25	23405001	23407500
25	25246501	25251000
25	26360501	26363000
25	28899501	28902000
25	35693001	35705500
25	36302501	36306500
25	39453501	39455500
25	40320501	40323000
26	1553501	1557500
26	1605001	1607000
26	1856501	1859500
26	1881501	1889500
26	1940001	1966500
26	2392501	2395000
26	2397001	2399500
26	2443001	2450000
26	2463501	2466000
26	2719501	2722500
26	3202001	3205000
26	3278001	3315000
26	3359001	3361500
26	3458001	3462000
26	3492501	3503000
26	3875501	3882000
26	4180501	4190500
26	4470001	4472500
26	4477001	4481500
26	4491001	4493500
26	4746501	4749500
26	6081501	6088000
26	6348001	6350500
26	10360001	10365000
26	15075001	15078000
26	15192501	15197000
26	15208001	15213000
26	16105501	16108500
26	16169501	16172500
26	16421501	16424500
26	17354001	17357000
26	19876501	19879500
26	20857501	20860500
26	21521001	21523500
26	25473001	25475500
26	25775501	25788500
26	26622001	26625000
26	26857501	26860000
26	27008001	27013000
26	27402001	27404000
26	29416001	29418500
26	29505501	29510500
26	29748501	29752000
26	30156501	30160000
26	30241501	30244000
26	33465501	33467500
26	34017501	34023000
26	35976001	35981000
26	42442001	42449000
26	42464501	42473500
26	45413001	45415500
26	50238501	50247500
26	50279501	50282000
26	50282001	50285500
26	50287001	50291000
26	50292001	50295500
26	50302001	50304500
26	50394001	50396500
26	50597001	50610000
26	51097501	51099500
26	51103001	51105500
26	51106001	51111000
26	51112501	51114500
26	51120001	51127500
26	51365501	51374000
26	51379001	51402000
26	51409501	51412500
26	51419001	51422000
26	51423001	51425500
26	51519001	51523000
26	51555001	51557000
26	51559501	51561500
26	51672001	51678000
27	2530001	2537000
27	3694501	3697500
27	4386501	4390500
27	5217501	5223000
27	8342501	8345000
27	9689001	9692000
27	9885501	9888000
27	10385001	10388500
27	12344001	12347000
27	13320001	13322500
27	20484001	20494500
27	20663001	20665500
27	21201001	21206000
27	22332501	22335000
27	24661001	24663500
27	31296001	31299000
27	33406001	33410000
27	38961501	38969500
27	39819001	39822000
27	40729501	40734000
27	40923501	40926500
28	40501	63500
28	413501	420000
28	458001	463000
28	591001	601000
28	602001	609500
28	613001	615000
28	1337501	1340000
28	1360001	1362500
28	1709001	1717000
28	1873501	1877500
28	2413501	2418500
28	2419501	2426500
28	2427501	2436000
28	2450501	2453000
28	2500001	2505500
28	2611501	2614500
28	2806501	2809000
28	5801001	5804500
28	7245501	7248500
28	10031501	10034500
28	10688001	10691000
28	10955001	10962500
28	11041001	11043000
28	11233501	11238000
28	11239001	11242500
28	11583001	11585500
28	11826501	11829500
28	12378501	12381000
28	12759001	12764500
28	16591501	16594500
28	16854001	16857500
28	17366501	17369500
28	20392501	20395000
28	20550501	20553000
28	20973501	20975500
28	21447501	21450000
28	21487501	21491500
28	21838001	21841000
28	21844501	21852500
28	21887501	21890000
28	22326501	22330000
28	22424501	22428500
28	22743001	22745500
28	23330501	23335000
28	23734001	23736500
28	25325501	25332500
28	26398501	26412000
28	28460001	28473500
28	29062001	29065000
28	30292501	30294500
28	30888501	30895000
28	32220501	32225000
28	34701001	34703000
28	35305501	35310000
28	35421501	35423500
28	35580501	35582500
28	35738501	35741000
28	35770501	35774500
28	36166001	36172000
28	36407501	36410000
28	37526501	37530000
28	39634001	39636500
28	42532001	42535000
28	43714501	43717500
28	44477501	44479500
28	44483501	44501500
28	45615001	45617500
29	901501	904000
29	1519501	1527000
29	2849001	2852000
29	3376501	3379000
29	3439501	3442000
29	3531501	3535000
29	3550001	3553000
29	3595001	3597500
29	4109501	4114500
29	4366001	4369500
29	4647501	4652000
29	7812501	7819500
29	12258501	12263000
29	13289501	13291500
29	13479001	13482000
29	13491001	13494500
29	13503001	13506500
29	13534501	13539500
29	13570001	13573000
29	13686001	13689000
29	14885501	14887500
29	19134501	19136500
29	19154501	19159000
29	20607501	20610000
29	20769501	20774000
29	20787001	20790000
29	21601001	21606000
29	22755501	22758000
29	24200501	24203500
29	27099501	27103500
29	27143501	27146500
29	27147501	27164000
29	27344001	27363000
29	27368501	27371500
29	27387001	27389500
29	27430001	27432500
29	27450001	27458500
29	27462501	27465000
29	27546501	27549000
29	27596001	27601500
29	27609001	27615000
29	27615501	27619000
29	27694001	27701000
29	27937001	27951000
29	27991501	28012500
29	28212001	28214500
29	34214001	34218500
29	37714501	37717500
29	37904501	37907000
29	38204001	38213000
29	38283501	38286000
29	38501501	38509000
29	38512501	38514500
29	38520001	38527000
29	38814501	38817500
29	38869501	38871500
29	38969501	38973500
29	38976001	38978500
29	39563501	39566500
29	40607501	40613500
29	41452501	41455000
29	41513001	41515500
29	41535501	41538000
29	41594001	41596500
29	41612001	41615500
29	41617001	41622000
29	41701501	41704000
29	45087501	45090000
29	45275001	45277500
29	46941001	46944500
29	50211001	50213000
29	50400001	50407000
29	50408001	50413000
